1628
0 1
0 2
2 3
2 4
4 5
1 6
6 7
6 8
5 9
3 10
3 11
4 12
1 13
7 14
11 15
14 16
7 17
17 18
15 19
10 20
18 21
5 22
11 23
12 24
17 25
18 26
13 27
27 28
13 29
10 30
30 31
16 32
31 33
19 34
21 35
9 36
23 37
9 38
36 39
15 40
14 41
40 42
35 43
8 44
43 45
42 46
34 47
26 48
21 49
12 50
44 51
39 52
52 53
41 54
43 55
8 56
45 57
41 58
52 59
20 60
44 61
55 62
58 63
60 64
56 65
20 66
54 67
37 68
58 69
61 70
48 71
45 72
31 73
66 74
49 75
65 76
61 77
33 78
29 79
32 80
50 81
28 82
74 83
71 84
80 85
32 86
56 87
57 88
68 89
23 90
72 91
86 92
85 93
78 94
80 95
79 96
19 97
16 98
62 99
47 100
25 101
49 102
39 103
88 104
91 105
40 106
64 107
101 108
95 109
82 110
79 111
48 112
98 113
102 114
85 115
72 116
97 117
76 118
63 119
53 120
74 121
120 122
99 123
103 124
64 125
115 126
33 127
99 128
68 129
25 130
100 131
82 132
54 133
24 134
84 135
120 136
84 137
86 138
63 139
114 140
100 141
87 142
142 143
71 144
67 145
115 146
89 147
108 148
46 149
129 150
110 151
107 152
77 153
143 154
77 155
144 156
136 157
104 158
121 159
142 160
78 161
121 162
131 163
163 164
157 165
111 166
69 167
83 168
111 169
144 170
139 171
151 172
124 173
170 174
153 175
53 176
91 177
106 178
127 179
37 180
175 181
26 182
105 183
131 184
165 185
122 186
185 187
70 188
127 189
96 190
65 191
123 192
130 193
92 194
88 195
159 196
27 197
136 198
177 199
198 200
150 201
57 202
110 203
76 204
176 205
158 206
167 207
152 208
140 209
29 210
30 211
59 212
196 213
138 214
135 215
55 216
104 217
34 218
139 219
202 220
145 221
160 222
211 223
157 224
220 225
222 226
160 227
161 228
159 229
133 230
201 231
196 232
98 233
75 234
227 235
128 236
225 237
22 238
97 239
199 240
134 241
173 242
181 243
108 244
243 245
243 246
178 247
192 248
151 249
226 250
184 251
185 252
187 253
218 254
230 255
182 256
216 257
221 258
24 259
245 260
256 261
117 262
96 263
158 264
106 265
239 266
218 267
168 268
224 269
232 270
225 271
242 272
223 273
253 274
140 275
255 276
260 277
66 278
232 279
167 280
148 281
270 282
200 283
146 284
207 285
248 286
208 287
186 288
129 289
230 290
163 291
288 292
194 293
153 294
93 295
195 296
291 297
256 298
211 299
182 300
188 301
241 302
133 303
246 304
102 305
304 306
173 307
266 308
195 309
219 310
295 311
304 312
81 313
181 314
224 315
176 316
165 317
295 318
277 319
242 320
253 321
203 322
116 323
248 324
281 325
283 326
288 327
117 328
93 329
171 330
166 331
199 332
148 333
307 334
87 335
194 336
330 337
107 338
116 339
276 340
239 341
234 342
215 343
315 344
137 345
287 346
341 347
92 348
152 349
183 350
137 351
309 352
320 353
320 354
319 355
342 356
272 357
188 358
342 359
180 360
162 361
178 362
222 363
274 364
169 365
252 366
89 367
309 368
201 369
265 370
350 371
367 372
316 373
62 374
207 375
311 376
315 377
344 378
319 379
290 380
347 381
297 382
149 383
372 384
383 385
335 386
145 387
350 388
338 389
258 390
235 391
322 392
101 393
332 394
60 395
305 396
368 397
70 398
341 399
369 400
177 401
303 402
387 403
252 404
351 405
67 406
294 407
126 408
202 409
372 410
122 411
409 412
402 413
289 414
300 415
132 416
403 417
164 418
105 419
393 420
50 421
337 422
198 423
364 424
417 425
141 426
370 427
282 428
349 429
374 430
325 431
220 432
308 433
114 434
371 435
233 436
281 437
312 438
269 439
109 440
268 441
228 442
240 443
427 444
132 445
36 446
226 447
421 448
123 449
318 450
262 451
325 452
452 453
187 454
236 455
340 456
353 457
166 458
213 459
59 460
284 461
280 462
287 463
374 464
210 465
427 466
46 467
240 468
314 469
388 470
251 471
135 472
433 473
457 474
183 475
265 476
204 477
214 478
390 479
168 480
259 481
332 482
143 483
413 484
448 485
171 486
390 487
441 488
419 489
184 490
260 491
362 492
214 493
301 494
69 495
289 496
223 497
423 498
190 499
369 500
264 501
402 502
339 503
425 504
343 505
354 506
343 507
47 508
478 509
35 510
109 511
134 512
292 513
512 514
118 515
503 516
250 517
297 518
327 519
478 520
270 521
231 522
215 523
340 524
358 525
496 526
174 527
280 528
272 529
38 530
258 531
206 532
376 533
414 534
324 535
387 536
504 537
443 538
381 539
155 540
465 541
378 542
445 543
237 544
460 545
126 546
432 547
453 548
130 549
503 550
366 551
457 552
354 553
443 554
418 555
385 556
150 557
189 558
310 559
227 560
95 561
494 562
351 563
407 564
191 565
294 566
300 567
254 568
251 569
529 570
424 571
452 572
411 573
125 574
492 575
544 576
193 577
481 578
282 579
454 580
337 581
285 582
420 583
170 584
266 585
551 586
471 587
353 588
498 589
221 590
257 591
540 592
301 593
307 594
355 595
440 596
380 597
470 598
535 599
492 600
493 601
399 602
550 603
577 604
415 605
605 606
472 607
500 608
431 609
333 610
474 611
277 612
549 613
216 614
592 615
585 616
575 617
488 618
597 619
322 620
562 621
613 622
345 623
594 624
527 625
564 626
499 627
536 628
298 629
269 630
426 631
233 632
480 633
510 634
413 635
630 636
212 637
305 638
479 639
271 640
138 641
371 642
206 643
119 644
470 645
616 646
509 647
38 648
204 649
94 650
557 651
620 652
412 653
461 654
518 655
90 656
329 657
408 658
617 659
541 660
516 661
403 662
388 663
128 664
190 665
617 666
261 667
487 668
648 669
513 670
554 671
284 672
664 673
348 674
313 675
512 676
614 677
650 678
580 679
590 680
582 681
504 682
596 683
664 684
511 685
255 686
672 687
313 688
345 689
524 690
193 691
274 692
574 693
543 694
479 695
582 696
518 697
22 698
563 699
505 700
663 701
554 702
383 703
615 704
580 705
458 706
409 707
687 708
360 709
565 710
208 711
42 712
392 713
264 714
164 715
462 716
433 717
392 718
498 719
430 720
241 721
520 722
229 723
521 724
648 725
395 726
630 727
296 728
357 729
559 730
155 731
363 732
551 733
238 734
496 735
671 736
435 737
511 738
249 739
410 740
646 741
197 742
739 743
379 744
487 745
228 746
405 747
691 748
418 749
335 750
422 751
609 752
528 753
200 754
641 755
647 756
718 757
476 758
501 759
622 760
520 761
162 762
516 763
556 764
451 765
424 766
314 767
544 768
547 769
678 770
593 771
596 772
729 773
570 774
560 775
587 776
695 777
431 778
521 779
731 780
647 781
565 782
330 783
625 784
573 785
722 786
699 787
622 788
376 789
495 790
535 791
651 792
571 793
725 794
421 795
682 796
739 797
616 798
398 799
675 800
247 801
627 802
380 803
633 804
772 805
317 806
602 807
419 808
679 809
755 810
174 811
278 812
803 813
334 814
758 815
254 816
789 817
700 818
709 819
276 820
696 821
688 822
776 823
247 824
605 825
821 826
797 827
581 828
546 829
533 830
792 831
716 832
829 833
28 834
768 835
599 836
416 837
612 838
299 839
731 840
808 841
231 842
594 843
513 844
709 845
545 846
398 847
834 848
612 849
672 850
275 851
485 852
524 853
217 854
805 855
624 856
462 857
807 858
768 859
283 860
700 861
653 862
321 863
203 864
436 865
722 866
813 867
262 868
250 869
428 870
661 871
379 872
161 873
816 874
548 875
103 876
713 877
455 878
746 879
432 880
724 881
389 882
857 883
618 884
781 885
461 886
234 887
488 888
640 889
887 890
536 891
500 892
296 893
456 894
360 895
523 896
169 897
426 898
329 899
593 900
614 901
575 902
365 903
556 904
467 905
472 906
778 907
655 908
531 909
405 910
663 911
699 912
303 913
529 914
815 915
883 916
666 917
377 918
355 919
531 920
377 921
573 922
726 923
539 924
90 925
712 926
477 927
146 928
668 929
636 930
331 931
437 932
907 933
910 934
882 935
698 936
485 937
508 938
592 939
852 940
437 941
542 942
361 943
499 944
219 945
302 946
884 947
364 948
417 949
817 950
448 951
267 952
627 953
179 954
813 955
495 956
587 957
361 958
653 959
919 960
579 961
634 962
640 963
946 964
864 965
643 966
637 967
674 968
205 969
306 970
744 971
913 972
422 973
604 974
493 975
682 976
507 977
365 978
651 979
584 980
726 981
73 982
914 983
604 984
189 985
598 986
298 987
757 988
958 989
706 990
317 991
197 992
966 993
792 994
548 995
970 996
235 997
469 998
685 999
569 1000
716 1001
389 1002
725 1003
861 1004
880 1005
710 1006
925 1007
399 1008
585 1009
356 1010
615 1011
429 1012
465 1013
677 1014
473 1015
643 1016
213 1017
689 1018
124 1019
673 1020
368 1021
348 1022
1005 1023
395 1024
828 1025
678 1026
273 1027
650 1028
464 1029
510 1030
807 1031
577 1032
407 1033
766 1034
944 1035
766 1036
912 1037
441 1038
714 1039
704 1040
727 1041
800 1042
506 1043
308 1044
563 1045
749 1046
886 1047
964 1048
891 1049
519 1050
509 1051
346 1052
321 1053
711 1054
1002 1055
523 1056
736 1057
814 1058
927 1059
1055 1060
904 1061
1004 1062
705 1063
686 1064
538 1065
423 1066
506 1067
737 1068
907 1069
595 1070
665 1071
713 1072
571 1073
1008 1074
568 1075
875 1076
1014 1077
800 1078
866 1079
119 1080
999 1081
475 1082
125 1083
851 1084
842 1085
583 1086
927 1087
940 1088
327 1089
534 1090
1076 1091
799 1092
827 1093
992 1094
817 1095
751 1096
806 1097
714 1098
1002 1099
735 1100
710 1101
691 1102
745 1103
852 1104
891 1105
362 1106
1014 1107
483 1108
824 1109
876 1110
428 1111
1101 1112
854 1113
770 1114
367 1115
784 1116
349 1117
757 1118
988 1119
172 1120
386 1121
823 1122
459 1123
912 1124
900 1125
1122 1126
1084 1127
1044 1128
507 1129
782 1130
978 1131
259 1132
469 1133
522 1134
1025 1135
659 1136
809 1137
862 1138
631 1139
676 1140
986 1141
779 1142
652 1143
363 1144
1139 1145
1027 1146
1119 1147
401 1148
755 1149
955 1150
982 1151
1063 1152
397 1153
1146 1154
331 1155
712 1156
591 1157
706 1158
1153 1159
703 1160
787 1161
1099 1162
639 1163
877 1164
505 1165
759 1166
1166 1167
566 1168
381 1169
344 1170
683 1171
832 1172
970 1173
271 1174
638 1175
444 1176
993 1177
328 1178
921 1179
588 1180
1067 1181
528 1182
597 1183
789 1184
793 1185
1116 1186
1044 1187
719 1188
668 1189
858 1190
967 1191
886 1192
1037 1193
815 1194
819 1195
1022 1196
629 1197
830 1198
897 1199
1180 1200
1172 1201
550 1202
887 1203
1147 1204
681 1205
943 1206
793 1207
530 1208
1079 1209
1088 1210
1079 1211
909 1212
1137 1213
566 1214
595 1215
1166 1216
474 1217
796 1218
1207 1219
1016 1220
1003 1221
742 1222
876 1223
1061 1224
661 1225
1055 1226
635 1227
945 1228
425 1229
819 1230
655 1231
1173 1232
1148 1233
697 1234
1142 1235
555 1236
1016 1237
938 1238
1110 1239
801 1240
872 1241
1012 1242
1100 1243
415 1244
458 1245
949 1246
945 1247
736 1248
1187 1249
941 1250
990 1251
975 1252
885 1253
899 1254
557 1255
311 1256
590 1257
959 1258
802 1259
983 1260
786 1261
773 1262
463 1263
933 1264
796 1265
707 1266
660 1267
977 1268
1156 1269
1169 1270
1129 1271
878 1272
540 1273
637 1274
889 1275
769 1276
1038 1277
906 1278
620 1279
991 1280
1179 1281
1149 1282
553 1283
821 1284
856 1285
1103 1286
514 1287
1073 1288
868 1289
562 1290
870 1291
1238 1292
118 1293
1181 1294
191 1295
324 1296
589 1297
1128 1298
1171 1299
670 1300
1011 1301
1026 1302
861 1303
1300 1304
690 1305
801 1306
1305 1307
1286 1308
1258 1309
646 1310
279 1311
947 1312
978 1313
683 1314
674 1315
1035 1316
401 1317
649 1318
660 1319
1303 1320
1140 1321
950 1322
1205 1323
642 1324
1168 1325
744 1326
825 1327
1003 1328
1229 1329
850 1330
929 1331
897 1332
385 1333
1113 1334
1317 1335
373 1336
291 1337
1005 1338
681 1339
1052 1340
581 1341
1119 1342
952 1343
1319 1344
1190 1345
1231 1346
1010 1347
761 1348
1158 1349
1294 1350
708 1351
868 1352
1283 1353
1286 1354
1157 1355
497 1356
1173 1357
900 1358
754 1359
1078 1360
921 1361
412 1362
913 1363
1165 1364
526 1365
989 1366
1259 1367
1078 1368
429 1369
805 1370
547 1371
491 1372
692 1373
785 1374
632 1375
1219 1376
1097 1377
1194 1378
667 1379
1298 1380
51 1381
1163 1382
1191 1383
728 1384
1365 1385
1345 1386
552 1387
375 1388
1373 1389
946 1390
803 1391
1151 1392
1149 1393
1236 1394
979 1395
770 1396
634 1397
1243 1398
962 1399
299 1400
481 1401
1136 1402
561 1403
746 1404
378 1405
1076 1406
971 1407
1402 1408
1224 1409
877 1410
809 1411
828 1412
456 1413
1169 1414
894 1415
730 1416
534 1417
94 1418
583 1419
1193 1420
958 1421
776 1422
483 1423
860 1424
865 1425
442 1426
1011 1427
1120 1428
991 1429
530 1430
932 1431
404 1432
1283 1433
1325 1434
938 1435
1021 1436
1159 1437
1211 1438
749 1439
865 1440
73 1441
1361 1442
1265 1443
1293 1444
994 1445
791 1446
112 1447
1432 1448
1396 1449
1176 1450
1190 1451
1050 1452
1281 1453
1439 1454
1385 1455
1317 1456
831 1457
1062 1458
930 1459
1244 1460
1105 1461
1333 1462
689 1463
883 1464
1350 1465
926 1466
1335 1467
1059 1468
1316 1469
1365 1470
1208 1471
948 1472
1171 1473
1454 1474
1264 1475
1337 1476
740 1477
1366 1478
929 1479
1081 1480
795 1481
1272 1482
1477 1483
306 1484
1339 1485
1124 1486
1479 1487
588 1488
607 1489
1392 1490
1006 1491
1233 1492
1279 1493
1272 1494
1105 1495
1062 1496
753 1497
854 1498
267 1499
790 1500
1369 1501
1372 1502
391 1503
849 1504
827 1505
1276 1506
1434 1507
818 1508
1450 1509
719 1510
414 1511
1459 1512
645 1513
693 1514
934 1515
1161 1516
1308 1517
769 1518
641 1519
1201 1520
1491 1521
1157 1522
1194 1523
1313 1524
1447 1525
1457 1526
985 1527
842 1528
525 1529
490 1530
658 1531
728 1532
880 1533
1364 1534
864 1535
702 1536
1069 1537
1292 1538
1300 1539
928 1540
1413 1541
1261 1542
192 1543
673 1544
1031 1545
1017 1546
818 1547
1443 1548
888 1549
1419 1550
1139 1551
855 1552
1314 1553
810 1554
621 1555
1140 1556
463 1557
1417 1558
1362 1559
1467 1560
1555 1561
1512 1562
812 1563
229 1564
926 1565
210 1566
1404 1567
1032 1568
1254 1569
961 1570
1030 1571
1341 1572
1060 1573
1258 1574
1021 1575
484 1576
508 1577
1291 1578
785 1579
659 1580
268 1581
1018 1582
669 1583
621 1584
942 1585
1314 1586
1098 1587
1502 1588
1211 1589
382 1590
1588 1591
762 1592
964 1593
1405 1594
835 1595
1099 1596
1294 1597
1128 1598
853 1599
1334 1600
947 1601
1112 1602
236 1603
1408 1604
406 1605
400 1606
1388 1607
1556 1608
834 1609
1287 1610
1492 1611
408 1612
633 1613
906 1614
1588 1615
1010 1616
1506 1617
923 1618
1363 1619
438 1620
1111 1621
1233 1622
1289 1623
1083 1624
704 1625
1402 1626
791 1627
