3938 3948
992 158 11
668 1898 10
466 1815 19
174 3459 14
1297 304 14
443 1999 8
3155 2369 9
3587 908 19
2752 1169 12
3781 571 5
2287 2241 6
429 965 12
3057 1857 14
1489 3308 10
1403 2302 16
702 452 5
1521 3434 8
1325 3112 8
533 739 10
2769 911 7
2821 2122 20
1975 1954 5
1122 912 12
2876 1486 18
2551 1484 15
3002 1626 18
2085 2271 11
2757 45 20
2952 3140 5
1455 3904 14
3290 2307 16
2939 1315 19
301 3561 7
3634 1069 10
3197 713 20
2608 2295 8
728 3652 20
3017 1104 7
2971 2810 17
552 1264 20
1551 137 12
273 1111 12
3126 1631 17
756 2123 5
9 345 18
1718 2558 11
1529 1336 14
1140 2794 7
2429 1811 13
2743 3651 20
990 178 5
30 3059 13
1905 3406 14
2745 2244 17
1159 509 14
11 3813 12
3677 1298 12
93 2571 10
2993 833 12
3510 2729 8
3369 469 11
1399 1674 16
1347 3576 15
2754 1615 8
2375 3862 15
3310 3415 12
2281 41 14
2261 2974 11
2618 3123 18
1882 871 6
803 1887 18
3056 184 7
2696 3849 19
802 1781 7
1404 2391 11
1588 886 5
469 2191 16
108 905 18
1672 118 10
1376 1700 10
2585 2757 8
2389 2175 10
877 1286 10
1836 3422 18
1458 568 13
2768 774 17
2805 2418 19
3724 3031 15
1311 1461 10
2341 655 5
1968 2220 7
2508 2847 5
1386 1581 16
2468 2783 13
629 58 7
3791 1115 6
1743 2869 9
3829 876 5
699 376 19
507 3098 15
2127 244 16
314 2998 7
2758 473 10
706 347 5
2245 2410 8
2941 2358 12
2368 2360 12
2923 2162 18
32 3931 20
823 368 16
1381 2092 15
3437 560 13
2674 2791 6
2454 877 17
1691 1265 20
134 606 11
573 945 14
3885 1061 12
1431 3817 19
1908 1798 16
739 888 9
3149 1328 8
1555 2461 5
678 3480 18
516 3064 20
1210 2540 12
2837 3386 18
1177 1875 11
1819 1380 11
1370 338 8
1382 3919 14
2713 1010 5
491 3503 17
521 1175 18
2222 3922 12
2399 296 15
1480 286 18
2382 2670 8
3448 3801 6
1441 679 8
1820 2954 16
1440 2470 11
3263 2982 8
1453 1284 8
1009 3523 20
1564 2065 7
878 1604 8
1737 3139 10
2640 1563 20
3541 3730 19
3505 2778 17
2514 2759 17
3264 2409 15
951 2479 15
3566 2625 8
1526 2480 16
1784 1 20
1188 2442 6
812 1244 17
1110 3408 18
1509 3496 9
3628 20 18
3078 629 9
3684 939 17
402 2072 5
3916 388 10
2210 2516 9
2269 2008 14
2262 484 14
1013 2221 11
3260 690 13
3556 19 19
410 2300 9
904 3069 17
1118 818 12
3679 1782 16
2731 1679 16
447 3757 12
2430 2179 13
2559 456 8
3499 2877 13
587 3057 9
3703 2913 7
431 1001 12
3019 2202 18
3674 1960 18
1433 1912 16
3249 10 14
3171 2873 20
1540 1148 12
2897 2795 8
3649 353 11
3535 2609 18
3482 1986 8
2219 3397 10
1400 1176 7
1258 639 15
2141 3731 5
2775 660 7
300 2287 20
294 2801 12
1994 449 15
377 2294 7
1250 2819 14
3731 2960 13
283 3646 17
1697 1477 15
151 3643 19
2356 1007 20
392 1167 7
2642 2439 7
3645 2920 18
1610 3595 7
550 2485 18
1163 2173 6
3601 1545 16
1682 1431 8
679 3021 9
2080 1050 8
247 1723 19
3250 3467 12
2787 3034 16
2506 1353 18
524 34 11
148 3167 13
3555 3924 18
3013 557 6
388 3224 13
929 2070 13
665 156 12
3572 1724 18
3364 3614 10
100 2421 6
1187 3594 9
446 1009 19
1371 768 6
3089 2835 10
3871 346 19
3776 223 12
3658 1776 16
1513 766 20
3526 561 14
3261 1892 13
626 2829 5
3653 3759 17
3394 3823 16
2058 1636 7
565 439 13
2829 1873 16
2406 49 19
2153 1878 9
1259 3225 13
2378 1777 7
1296 3157 5
180 3473 20
1148 1481 5
2901 1236 20
1959 168 8
17 211 11
3880 170 18
998 2650 16
2679 3851 12
1857 330 16
2231 1278 20
2067 3022 19
1677 2061 12
1966 303 6
1575 816 19
2962 369 16
3597 3725 6
741 1827 15
3802 2534 16
453 3478 20
1608 3413 15
1530 2443 19
1448 2081 10
3254 989 13
3478 3580 6
3849 2093 16
1895 786 5
23 3803 14
1993 1649 6
2842 151 14
2998 3341 8
1828 3629 19
2029 3648 6
564 711 10
1420 756 15
190 205 15
2193 383 18
3889 1543 6
3536 1572 17
1943 191 7
591 1181 5
1171 2855 13
3841 3644 12
1757 3366 16
2150 2944 20
1505 355 16
2148 2772 15
3807 685 11
63 3883 9
1710 3370 12
1426 1603 13
349 3338 8
1558 2973 7
118 341 9
2283 230 20
3922 3188 7
2911 2832 12
3415 1694 5
1918 3752 14
1763 800 13
917 856 12
2607 1992 6
356 2019 17
3436 1740 19
3247 2882 20
3554 3081 17
1294 3474 13
286 2348 13
2546 1891 6
854 3703 20
2149 2915 15
1143 143 10
91 3078 8
2048 1515 5
2419 1806 18
1484 2895 18
1927 2713 12
1740 1650 11
2321 3433 9
1842 1793 15
968 1948 5
3267 1269 13
855 2126 20
1825 1607 10
2277 1964 12
3576 2502 9
2773 3356 11
414 1159 6
829 746 7
1328 1233 5
313 2948 17
34 3582 7
2394 3934 15
592 2362 19
2634 354 17
3180 2288 16
3334 925 13
3429 1340 14
2072 3468 14
225 312 11
403 101 10
1229 937 11
2424 1547 19
3479 309 12
1764 2427 12
2919 374 11
2241 1788 13
3433 3116 13
1544 2525 13
2386 705 9
2539 1404 19
2320 2098 16
3018 2279 18
1517 1423 5
88 528 17
625 1866 14
1274 2588 8
3539 373 17
442 1257 17
1100 308 11
2692 2702 10
2339 835 19
3286 40 13
2556 343 8
3621 1409 13
208 1717 5
1364 268 15
2066 3856 5
2538 421 15
824 122 18
2770 1299 11
2582 1950 16
1224 2272 12
1929 1360 8
187 1039 7
1676 1534 18
2045 3030 19
401 2682 10
2492 1939 17
662 1629 16
1890 2740 5
2318 2185 16
3293 2128 5
3765 1067 5
2272 2533 12
2212 2760 8
648 2238 10
2064 443 9
1138 3548 5
2522 3713 14
2933 1705 17
505 3597 18
140 1133 9
1915 3313 18
177 2134 12
3208 2276 13
1887 3538 7
3696 2848 10
1306 2182 15
1813 2992 5
2003 1749 12
1869 1718 5
1184 2163 13
906 3427 5
192 2640 16
1396 3260 11
2297 2941 13
3211 3826 18
3619 1464 8
891 765 6
729 2813 10
3680 1063 14
451 1366 6
1531 782 16
2666 263 6
1518 3543 10
1656 1790 19
2505 1801 20
1577 3805 13
1648 2958 19
2707 1895 8
3223 1406 17
1149 895 6
1977 575 17
1158 2412 11
940 1012 17
1309 697 13
754 1506 6
2284 3068 9
2280 3556 10
2812 2698 11
373 724 8
1093 2475 14
390 3245 6
3401 2830 7
2329 2361 11
1022 1307 17
2267 182 18
1542 1347 11
789 3352 14
1596 820 9
1174 2507 20
2260 1981 7
809 3234 20
173 3073 15
2367 3662 13
166 1187 19
2950 3784 11
3836 2798 7
1579 1739 18
1803 830 18
3472 2478 19
228 596 6
1781 1196 15
3744 3679 8
834 280 10
2566 3743 7
1794 2376 8
3 2243 18
340 1533 11
3116 3065 6
2594 2079 5
2051 1967 6
3534 3299 12
3054 1832 16
1482 2059 8
1761 2124 16
319 2407 20
1856 535 5
3578 2653 17
732 796 10
2020 1719 15
330 2248 18
1327 1475 16
1501 1759 9
2627 2994 12
399 3630 16
2083 923 17
2270 3263 5
20 946 8
2800 140 13
86 1516 10
639 722 8
3501 1378 5
281 3599 13
2552 47 11
3147 2024 16
2423 3192 9
3255 3320 5
3845 276 12
1302 3933 15
3673 673 16
1172 3007 7
3336 394 9
2992 2280 7
1750 1338 19
660 351 11
3816 2677 13
2764 751 11
125 1324 5
1218 3401 19
1417 2069 17
1411 2096 15
1796 1192 10
628 1910 12
758 631 14
3081 1216 7
3518 840 13
805 2293 18
2431 28 13
3553 3449 18
2418 1193 13
3343 3028 19
2197 3358 14
526 1292 6
2778 1824 6
411 1151 11
3216 899 16
1387 2774 5
2122 2708 18
2158 106 8
2165 653 6
2435 3667 6
3779 3545 16
405 2337 17
2587 1180 17
598 2338 15
2644 2266 17
3003 3149 6
2322 1503 10
988 3251 13
59 2143 16
3045 1990 54129
1267 1210 20
2350 3302 9
2983 335 8
275 922 11
870 1297 18
1166 3086 7
895 3239 19
1176 2506 19
461 3809 15
3257 921 7
1655 563 11
1135 1376 18
901 3317 20
3711 3831 7
1645 1452 7
2828 2535 9
2613 3806 8
3032 869 11
3587 249 1661
661 3364 14
1239 3214 12
2972 221 6
1543 1770 12
2442 385 12
1507 3742 7
3769 1403 7
1112 910 17
1783 3721 8
2840 1082 5
3464 2014 14
1071 704 15
1290 2115 20
380 3754 13
2298 2912 18
814 1510 7
241 1387 15
3552 249 13
2057 881 15
2326 863 14
718 516 19
3040 1666 15
2661 3857 20
2659 2011 6
3008 3628 18
1554 362 15
3613 897 13
252 250 5
465 738 20
1485 1943 8
1280 865 10
708 2981 5
1952 236 12
452 2207 10
1599 2599 20
1931 3416 6
1438 1664 5
1945 2465 9
1146 3355 16
749 2108 6
945 1450 15
2563 1867 11
3444 2846 10
2643 3793 10
50 1525 16
2912 3781 19
2433 619 14
498 3618 14
2340 3750 7
142 3899 5
3704 3794 18
256 363 7
2116 1334 9
2346 2167 6
293 1382 11
890 1322 10
3887 2309 17
3344 2878 18
3424 1022 8
2021 2862 19
1058 2451 18
3372 1987 10
2570 134 13
3001 267 16
2192 2366 13
3631 2389 11
2503 1955 19
3283 12 19
2926 384 13
1774 1709 10
445 114 18
2796 2724 7
3131 93 18
2597 1221 15
680 3247 12
1633 2454 11
724 1977 18
3689 1732 19
2398 3640 14
1894 1053 7
1935 1601 17
642 3135 10
689 2658 6
3921 396 14
717 991 8
2528 3326 14
2032 57 6
1839 2438 11
2017 1549 16
362 1116 19
3605 1344 12
372 2859 8
2763 1365 12
664 2109 9
315 2879 12
1430 2556 20
263 319 6
1412 2085 5
2844 1310 6
323 3218 9
3509 1095 5
522 2758 9
3702 1971 15
3669 1662 9
1419 1808 8
1283 2519 6
3139 1670 20
831 1239 8
132 3485 14
357 1064 16
3106 1701 13
376 556 11
220 2824 7
2005 721 5
1574 1726 18
361 2617 15
2648 1011 20
1759 3304 11
2257 841 15
1891 2316 10
3292 3529 16
3668 956 13
2780 976 5
2925 1245 15
1126 3252 15
2835 3122 12
3714 3722 14
494 2555 16
2345 1411 11
821 2857 7
163 336 11
3285 530 19
572 2983 14
2000 2354 12
3228 1491 18
3294 2674 8
3825 674 15
433 2979 12
2131 2041 13
67 2712 17
697 1222 10
3109 761 9
311 700 20
2196 3764 5
1377 2095 6
2129 2324 9
58 2562 7
850 226 7
748 3762 17
514 2761 8
3031 2212 7
2084 264 16
1689 930 13
2838 2549 13
463 2401 7
2702 1758 11
705 3216 7
2366 878 20
3686 2388 9
2543 150 17
2087 864 11
3383 709 15
3477 119 14
811 780 8
3739 2166 8
1603 518 6
3907 499 16
2534 1521 19
3752 3808 6
3525 3396 17
2519 1073 15
2470 2723 7
1392 2459 18
1362 3414 7
853 462 10
1116 2639 9
1627 3202 5
299 2624 5
2808 2005 14
2722 1437 18
694 275 12
123 2277 15
888 1502 18
3678 737 16
3699 2055 17
1056 1490 7
1313 307 5
3051 1968 15
2655 955 9
458 2565 16
2630 963 10
2637 3050 14
907 2414 17
1621 964 11
3812 1341 18
790 1797 6
2588 1460 14
52 938 10
1276 87 9
1652 1330 5
265 3905 13
1252 2033 19
1269 675 14
3431 2432 20
569 1032 5
658 585 7
720 3638 18
2279 2569 12
3362 2550 5
3025 69 5
74 1633 11
2301 2906 7
2620 593 11
631 1897 17
3138 1386 17
2884 1715 5
3833 3507 20
1228 620 17
464 1079 16
3355 2100 11
2190 3446 11
2568 3915 13
3212 1013 10
3868 2557 5
2536 1098 13
3749 1291 6
3480 2607 11
3720 600 8
2990 1134 10
1467 2572 18
2868 3606 7
279 2578 12
561 1296 17
1102 3119 7
2981 1283 8
3778 2515 13
3853 3177 10
3582 1135 5
777 2057 15
201 993 7
601 3516 7
2143 1844 11
3366 3445 17
2862 2469 13
2039 2156 11
2653 1658 20
2665 3769 14
620 1949 5
2667 3054 9
339 2292 19
1456 3261 11
210 1562 14
704 3219 19
1107 2919 17
1853 2323 6
1722 623 12
3905 1767 10
2510 3083 8
3199 2215 20
1057 540 8
365 2114 8
127 2916 8
1772 3075 9
2125 1728 11
73 569 18
1716 1619 16
3273 2839 18
923 3183 16
2624 3663 7
3215 2448 17
958 2580 5
515 498 19
2076 2490 11
3547 3436 18
2012 1122 8
3718 2365 15
3557 3909 20
3113 612 5
3222 2246 12
78 2909 17
2342 3056 11
1457 2854 11
1623 3159 16
3120 896 9
2068 1030 17
3060 2929 15
149 2154 19
633 1139 11
3420 1402 11
1910 161 5
3746 2538 9
934 429 11
857 747 8
178 1094 12
102 3770 8
3129 759 15
771 185 20
1940 83 19
1991 257 6
2225 2773 8
3838 2199 14
43 970 19
1789 3267 9
616 591 19
673 583 15
473 2691 10
3524 1753 16
1694 180 10
3857 3635 11
3594 1579 18
1904 2935 16
676 2178 18
3042 3833 11
3596 2117 8
1031 3568 17
2420 2066 13
1903 1851 10
24 2689 17
1416 1349 16
2560 2880 13
1342 3379 17
1388 3763 17
3016 305 19
3883 30 9
3360 3389 6
3513 3881 15
1255 2232 20
1780 827 11
1244 1389 18
2307 461 17
1805 3847 20
1804 2359 10
2374 3004 9
154 1214 20
900 202 10
3544 2491 11
1208 3008 17
935 2022 9
3080 1058 15
1679 177 15
3069 2089 15
3716 1734 11
3217 3642 14
2114 729 9
2157 2321 10
1182 3323 5
3697 378 7
750 3282 8
126 1497 5
1154 3718 7
2691 2296 20
1491 3254 13
2410 3668 9
2753 3071 7
1214 2635 12
2804 3039 20
1586 1478 15
2550 132 18
3570 2099 12
3530 1246 5
1732 387 20
2314 1764 6
780 2821 6
80 3745 5
139 2720 6
2616 868 6
3322 164 10
3367 2224 16
3511 2174 16
3540 2836 6
1414 943 7
2561 2230 5
3914 2606 11
3371 3705 6
2631 3685 6
1052 3264 17
3274 1708 17
1162 2631 5
1180 3314 19
2720 1820 9
1185 1849 11
1981 3163 18
2183 3577 8
196 3694 9
3528 1106 5
460 3023 13
229 109 5
397 3296 18
792 2788 11
288 2378 11
426 1692 6
1893 2707 6
1247 942 16
2955 3469 14
1930 129 19
338 3447 6
2409 222 19
3611 1531 19
2344 1469 19
1600 2430 16
2907 684 16
3782 1754 18
3036 1120 6
3240 1789 13
3373 714 5
2110 3519 19
2309 3893 50
3074 2604 7
3143 172 17
3115 496 7
839 1505 18
3548 687 11
1015 139 13
1167 2961 18
2286 2748 20
795 2939 13
1753 1520 17
152 1229 9
235 2831 8
3585 1488 8
1557 1864 16
794 3230 15
1650 715 13
535 586 9
1351 3191 6
2853 3693 7
1233 3390 18
3839 1514 10
3824 1046 17
2590 3097 15
2664 3549 15
2997 1600 14
3392 206 7
394 3294 6
2765 340 16
1012 549 16
1042 3226 20
2991 1571 9
939 1383 13
726 3753 10
297 1831 11
3034 61 11
3296 3778 11
2069 517 8
650 3289 11
2516 1621 15
793 2817 13
3430 2075 5
325 735 12
3404 1846 16
3201 3479 12
1516 464 6
1644 1766 13
963 3733 13
2703 1003 10
1087 2733 10
1866 3537 12
71 3169 7
3630 717 13
727 3089 11
1545 3412 14
285 3641 19
2305 1984 16
1092 1165 12
3370 408 19
2708 2282 7
3422 1542 12
3447 3161 11
1069 3765 16
3762 2231 8
1901 3569 18
740 1697 11
3351 837 11
2018 1225 7
1986 2932 5
3345 1426 20
3341 3420 6
1823 3771 15
559 3291 14
2333 902 11
1988 1746 7
97 403 16
3020 1415 10
766 241 8
1956 2327 17
245 3337 5
1335 332 8
843 3780 12
3127 3158 18
37 848 14
3175 2568 16
2541 2652 14
1973 3331 10
1833 2304 9
3486 1021 7
257 2671 16
2776 198 14
2575 718 18
2877 2709 13
3709 3144 19
1337 3184 8
716 659 6
722 972 9
1978 1141 10
1612 3189 12
2239 2205 7
1744 446 8
1407 3147 17
2806 18 20
396 1260 9
3760 1570 10
1731 1945 17
3265 2078 11
1939 1747 13
1711 1527 7
646 1582 20
1265 321 20
1972 2440 17
1452 22 13
1401 2618 7
3867 2805 15
1870 3359 6
1549 3825 19
1807 3861 18
3006 3776 9
435 487 14
227 1209 8
3485 3682 7
3346 389 20
305 3017 6
1128 1983 13
3065 3853 14
3912 1597 6
2572 2802 16
3320 3222 12
2910 2610 12
449 2101 11
3618 708 10
3654 2424 6
62 3307 14
1263 186 8
3152 891 7
3666 1242 10
368 402 17
2785 3709 7
375 2977 19
270 3385 20
3713 2613 11
1520 2037 8
2112 3423 13
2944 792 17
1132 3655 8
3627 1019 17
2147 3381 9
1282 1068 7
3646 799 16
3899 3910 15
1622 107 5
2578 3092 5
2359 3110 15
1221 291 18
1629 2449 9
3380 210 20
819 1586 12
2948 438 17
2379 2746 15
525 3621 15
2133 854 7
199 3602 18
2292 2135 20
534 1224 15
1538 1643 12
653 2888 14
1147 3804 6
3771 3310 20
3604 2642 10
1561 829 14
2887 2086 18
3502 2517 17
1938 1374 18
3474 2840 18
2639 3035 12
1168 1940 6
3766 3181 19
3363 135 18
3323 1457 17
1913 3738 16
3375 3774 7
2090 3876 13
2817 423 7
2010 2577 12
682 1381 16
2548 3339 16
72 3250 9
3087 1027 17
3425 777 11
3291 1076 12
3784 3 12
3157 2858 15
2230 3751 15
1080 2626 19
2626 2647 8
104 2545 7
2108 1819 8
3027 790 10
3701 3470 19
643 3551 19
2813 2265 6
3192 3003 20
964 1805 20
1262 472 20
2924 2495 16
606 898 5
3093 48 14
2537 2486 8
640 3394 6
936 572 6
3200 610 9
3468 2141 15
2532 466 20
2540 1325 14
1314 2021 6
1787 652 10
436 2064 11
973 812 20
2517 1498 11
1359 370 11
3076 1470 13
1133 2807 13
1355 3900 15
3055 3689 16
2695 1904 7
2162 2967 20
1976 294 14
2749 3810 16
3104 1810 19
1851 686 8
826 1528 15
1195 420 16
1725 1509 14
1578 2822 16
2927 2007 17
3671 3600 19
1352 372 7
1019 3726 7
364 29 19
1113 3870 6
807 3072 16
2299 2681 14
3148 3844 8
810 1199 5
1899 2346 14
3527 337 5
2938 3489 10
3562 3626 12
3352 531 14
3407 3596 16
2476 826 10
2881 1474 13
513 3871 6
1432 9 16
711 382 8
1082 3687 19
332 100 12
2348 1093 11
2291 1156 16
3471 832 12
2650 1327 20
859 1556 19
3287 941 5
2518 1745 13
3706 1550 19
1917 215 19
3399 3425 14
277 752 5
3595 133 11
744 3504 13
476 504 19
1741 2765 8
226 1648 10
3865 2434 17
2647 314 7
3805 404 13
2654 1056 13
3848 3611 20
406 1683 14
2303 2997 11
3564 298 12
2446 3371 19
89 2492 19
1841 3367 16
2474 1112 12
1209 3886 8
1189 2630 11
3246 1566 7
1198 831 15
1845 2380 19
1902 926 17
1254 682 14
1674 1839 12
1799 1804 17
3798 3748 18
1758 3442 15
3543 3045 13
2611 3913 7
1065 3153 20
3884 1817 7
1270 255 8
3904 1124 8
3368 1190 17
3049 3363 17
1348 3164 18
2042 1128 19
2249 3465 12
216 407 19
3571 3691 17
482 2489 11
1996 1025 8
2130 1202 6
306 3603 7
2831 3236 10
3088 1077 12
2511 1417 20
1329 247 13
1547 1974 5
2968 803 11
1700 773 15
2649 3656 6
18 500 7
3817 3814 6
2966 566 16
3936 662 12
1760 1256 5
121 2268 18
2046 2273 9
567 3016 18
3735 2715 7
3459 3318 11
3015 3020 19
2932 108 15
3610 633 16
725 1320 9
1637 148 11
106 1087 6
2201 554 9
538 3334 16
1073 3845 16
1026 2458 19
761 3010 18
96 2379 18
2325 2582 7
2809 931 6
2973 1427 12
2791 2049 5
1393 699 14
3860 3615 11
3800 2473 16
3617 644 13
2530 1422 14
3466 1699 7
186 2914 20
2922 1879 19
1170 3055 17
3059 1000 17
2176 2984 12
763 3895 13
2727 208 16
903 1435 16
3667 2262 20
2777 1493 14
518 2474 17
3095 971 10
2854 3332 16
2760 2204 8
3906 2933 13
970 1560 12
1192 3565 16
1824 2046 16
3221 3029 6
3656 1287 12
2218 2940 15
2931 3756 11
3063 1755 19
205 1205 7
1519 266 16
1923 3257 16
2234 3800 5
3112 3705 8
1039 3637 16
574 5 11
3814 547 15
342 784 13
2507 2512 10
563 1363 5
837 2688 17
1877 259 11
2285 3567 6
1333 3375 70750
1539 2697 12
2404 349 7
1088 1886 8
495 2290 6
776 1354 19
1589 3620 12
508 1576 15
114 608 18
3919 3067 8
3692 1706 13
2250 542 14
3727 1616 19
723 1496 15
2915 3788 5
1038 2413 14
2830 2209 5
284 2137 7
1696 81 12
2724 3622 9
1230 2186 13
3389 153 9
146 358 18
1628 1575 20
1479 1429 9
914 2803 18
2229 1028 8
762 474 15
13 775 12
2070 1522 11
995 2242 5
3094 1002 9
1532 2641 20
1793 1737 6
944 460 15
1249 3798 5
295 299 18
3085 458 15
2447 1250 19
1443 3241 6
635 2644 15
374 3698 15
1257 1691 14
1055 879 16
2104 445 11
1152 997 7
1424 2890 14
2980 2574 17
328 1554 18
3190 2023 7
2441 1744 19
3551 2741 12
1834 2256 5
560 2841 20
1018 315 10
2725 2044 5
3098 1345 17
3390 175 15
1354 2187 20
1130 658 20
381 2437 13
3198 1652 12
1693 3357 8
926 988 20
1322 1618 9
2883 2544 20
1646 3402 8
666 1883 7
3935 2782 14
1801 3590 10
3847 3018 6
3685 607 7
282 3305 12
3298 3889 13
3280 1661 8
644 3262 9
3565 2786 8
1667 2038 17
1374 2566 18
1301 1177 20
1605 3773 20
60 493 16
3204 1890 15
3316 551 11
1151 1500 19
181 2138 14
1064 2553 19
497 1142 20
3797 1312 18
784 2145 19
218 1976 6
5 3417 9
87 3920 12
1344 3319 10
264 1994 19
3637 199 11
3599 2989 19
2529 2537 7
2783 578 20
1473 3460 14
3665 1434 12
2856 2330 16
2282 3729 17
2154 2335 18
2593 545 19
2755 1587 18
2999 2039 9
2049 364 7
2315 1140 20
1487 1975 18
3648 3554 12
3071 1482 15
1569 3782 10
2906 1645 6
3388 234 6
3353 900 12
3832 2472 16
2119 1405 20
2657 2499 11
948 2342 14
3068 2169 18
932 1197 10
3350 2368 7
1286 457 20
2615 1906 17
3102 3091 13
144 647 19
852 3768 18
2002 279 12
3503 1573 12
3932 1277 13
1219 1704 15
2385 2020 9
1556 1585 11
1702 3271 13
1681 157 14
3186 92 5
1967 1092 10
2584 2370 12
503 2051 7
115 794 10
2265 3182 19
250 3665 15
985 3382 13
1062 1421 14
3335 482 6
1640 3583 10
12 0 19
2177 3830 18
577 1772 18
1378 3564 18
1963 3536 17
3810 2226 11
2739 2400 10
899 483 12
454 350 15
2945 1911 8
2815 2322 16
1405 2254 7
2052 1302 6
603 1453 12
3584 1682 5
3897 176 5
2858 3573 20
1829 903 20
2986 66 12
881 3040 20
2380 974 19
2621 1868 18
81 398 18
3128 805 17
44 1779 16
1383 3553 16
1197 3575 19
2137 2987 18
3164 2426 9
605 2214 17
1947 574 13
1684 3457 7
2041 1884 14
764 3444 5
3442 1826 15
3764 712 19
1499 2579 8
3046 1089 5
415 2563 17
649 846 8
2623 920 9
3153 3898 10
2471 3376 9
2216 2995 10
2237 165 12
1854 3248 18
1706 538 16
500 3076 15
1001 2213 5
871 188 17
2705 225 11
2094 3885 12
483 3384 10
274 2260 8
2521 2306 7
3460 489 15
1356 2313 7
2958 1160 10
2445 1479 15
2186 3160 19
815 1660 19
1211 2806 7
1885 2711 8
617 1400 16
2115 749 5
1231 501 14
1635 2283 10
112 3293 18
98 919 14
3750 3903 17
341 901 16
1318 3672 14
1476 3921 20
2358 3775 13
2947 582 9
3924 17 13
1204 1370 6
2857 3669 14
2376 2505 14
3470 1425 6
2028 2676 7
1671 769 9
1641 1944 18
1006 51 18
327 3587 82528
1562 3588 20
206 3277 12
345 415 19
634 785 17
3629 1863 5
3135 1590 8
2826 929 18
221 2731 13
272 3101 5
444 1398 15
3446 1462 10
539 1673 9
3037 1379 7
693 1630 7
532 2404 7
547 3623 9
3561 2988 12
757 2195 16
3498 1837 12
3881 978 19
1620 3653 20
2036 1606 8
1481 3560 16
2833 2003 8
1665 15 7
3783 3477 8
2168 2236 6
767 3300 6
546 2649 10
2542 310 19
3895 440 11
585 295 8
2747 3428 13
1076 213 8
501 2349 9
1944 377 16
3158 381 7
2413 2455 19
3417 2736 13
1033 3344 9
2144 2042 5
894 1856 13
681 494 15
3456 3212 11
1028 2048 9
2645 3902 15
1435 589 5
3815 1731 7
90 3290 16
1594 1577 12
352 1611 14
46 1907 15
880 1047 13
1292 3107 15
1278 2756 16
2202 2431 19
1486 539 7
3393 2068 16
2583 2153 12
1291 3227 12
3330 839 20
1160 1078 12
2151 3706 20
838 3734 18
260 3707 19
743 804 18
2711 2225 17
3239 2797 10
2161 3171 14
3232 2586 20
3210 1894 19
310 2845 19
3623 1544 15
2185 301 12
2453 1163 8
3213 201 17
613 791 20
3737 859 5
2206 1893 18
2688 3146 20
3105 2111 13
33 2341 17
1090 1716 18
346 2755 16
1773 2727 12
347 1350 18
1631 1375 8
31 2704 20
2078 2054 9
2175 3542 5
2391 999 5
846 3466 14
1838 2949 10
2205 32 11
2310 1150 7
760 1015 13
2577 2924 5
1406 2509 5
3214 3493 9
3494 3342 15
1527 1276 17
1985 2077 7
2134 2952 13
3843 1178 8
1832 2002 8
1911 1996 18
2573 3105 5
2407 2897 6
1739 3848 6
3103 1110 9
2571 1314 7
3053 2826 17
1 954 20
253 2110 7
828 2467 10
3728 173 10
3314 1188 13
1084 1259 16
2676 103 7
2098 3328 7
3863 2445 17
2491 1513 16
2889 2207 8
2040 1785 7
420 3006 20
1662 1869 13
135 130 18
2123 2945 17
3279 2112 10
2355 3570 20
542 1565 15
2827 1612 6
75 3209 7
1225 1693 18
1074 1937 5
876 1213 11
2814 670 6
2832 13 8
2152 1795 5
1315 431 17
2372 8 5
169 621 8
952 1634 16
2729 771 20
983 2943 13
3730 2056 9
1212 3374 15
236 680 14
1920 1323 14
242 3732 14
2918 546 17
2469 2627 10
999 2457 10
1704 485 6
557 1186 6
2969 795 9
3421 1681 5
3391 1796 7
1034 3819 15
57 2422 15
1709 3316 17
3359 1836 19
3661 2922 13
2414 2643 13
788 2753 18
3624 2573 10
303 1171 6
2576 624 8
2730 3741 15
3675 3288 7
3423 2087 18
2412 1126 15
2591 1882 11
2967 1243 11
2784 3812 5
511 1640 20
3639 998 15
938 1114 7
746 611 14
3788 251 7
1215 2593 13
3872 3937 13
1630 1880 18
3873 1348 13
2182 417 8
3773 2575 7
3302 2809 11
2554 1698 13
2850 3607 8
690 2864 19
2238 3506 8
911 1561 14
354 2668 20
3251 2107 7
1984 3535 13
3189 1635 18
1580 3863 10
3311 3312 10
1127 1993 6
2075 2560 7
3748 3088 7
2799 3223 6
608 2910 9
3321 2082 19
321 124 11
3489 1136 17
1728 3273 7
3039 1217 10
239 96 17
2712 968 8
3268 2739 10
596 3349 17
3516 1108 20
2388 2744 14
471 969 12
1791 789 20
2741 2503 5
2400 815 20
2651 1285 14
652 2651 8
2526 1668 11
1205 3563 11
182 1605 11
3738 232 12
1559 3767 14
1912 50 20
231 512 18
472 2648 8
119 435 17
2007 587 7
654 3524 19
1897 391 8
3307 2009 8
1106 1609 14
395 3500 19
3132 688 18
624 2188 12
747 271 18
2995 2463 9
3786 1918 14
2974 1308 9
1754 3918 12
1571 3203 15
334 117 8
752 934 12
3538 2210 16
2195 1538 7
545 1756 14
781 2673 10
1321 754 9
2387 52 9
543 2193 8
1872 3432 15
2481 1153 17
3657 2131 11
576 740 16
103 1800 8
2875 3111 17
3926 1059 12
77 1455 19
986 3894 13
2823 760 17
3531 155 8
3864 2957 8
3101 1473 16
1490 2980 19
980 3744 8
2895 2825 7
2920 3892 17
1227 3027 14
1191 3145 8
2224 536 17
1790 2543 12
3305 325 9
3340 1978 19
737 328 9
2240 3156 17
3179 21 9
873 2383 20
110 3200 12
864 2284 10
791 270 16
3282 3699 11
302 2775 16
3441 181 14
602 2793 20
3734 1914 6
1422 3009 6
1343 3165 19
2209 3195 18
615 927 13
2031 2636 8
308 1088 18
1953 2219 11
3248 2526 14
3023 1834 15
3324 1822 15
619 778 5
3733 683 6
440 2844 6
3672 3062 15
3134 3087 9
1862 2245 19
215 515 7
2448 2735 6
3476 274 9
1535 2789 10
2851 2190 9
1873 2377 5
1285 1309 10
1023 323 8
3427 677 19
1685 2971 12
2456 2790 20
2599 1752 11
1461 60 13
487 1447 17
975 3675 15
3519 806 12
1749 3887 12
1103 3807 18
3790 2827 9
3740 1659 6
1770 1889 15
3662 2211 9
3445 642 10
1591 2372 6
1243 2034 11
580 3589 8
671 3671 7
867 42 20
3754 544 7
2251 308 22
3462 2200 16
2579 470 18
1317 2150 6
1105 3816 12
1474 676 15
2680 3079 18
2899 669 16
3411 2001 9
1437 3421 14
1565 2898 15
2459 2728 13
2535 73 13
3558 2978 18
3182 836 8
82 1070 11
910 1037 14
2170 3566 17
3492 3346 15
898 70 11
1021 1054 18
1534 3521 16
3117 2737 11
428 2326 16
621 532 19
3438 3256 7
1708 1871 6
1962 741 19
2264 104 16
1067 2660 10
1821 2936 19
612 3766 10
3382 3155 11
2401 2310 19
3803 1249 10
623 1412 6
3640 3681 12
3818 3351 14
1011 1364 5
424 3495 18
4 2453 15
3096 3336 14
1446 68 16
1779 2792 12
2191 1750 13
3184 166 5
3514 3456 19
2289 1578 8
1815 1339 20
687 2996 6
1593 1979 14
3851 2374 14
289 1501 16
3012 1494 16
2870 138 15
3691 145 9
1617 1438 14
70 277 13
2782 635 14
1200 1925 8
3245 2841 30
1085 2423 13
3097 1179 15
2684 25 16
3934 2927 15
827 2367 16
2880 2597 16
3732 1780 6
1181 98 16
3590 873 19
1139 764 7
1670 1395 12
1266 603 8
847 3233 20
1786 2352 11
101 3127 5
412 1267 12
489 924 20
2759 1332 6
2027 570 15
924 318 8
2428 1584 10
3146 890 20
1334 2181 15
1408 3702 8
773 950 5
2360 2970 14
3168 1627 17
2490 2136 17
3419 2592 12
207 2520 7
1398 514 10
1954 1397 9
1054 1355 6
1950 3888 14
3348 16 19
3021 1812 7
1389 1091 14
3559 453 14
1078 2102 14
2865 3242 10
1369 1736 7
2704 1628 17
2574 144 20
3915 2496 17
478 1020 19
925 401 5
3928 2012 15
3563 2678 15
3412 975 20
122 2614 13
3826 3106 11
200 2446 11
862 3872 15
3823 579 17
3770 628 16
3758 1418 15
772 694 15
3925 441 8
2373 3558 12
3044 3598 16
1604 1356 8
468 2779 18
1830 2874 8
3014 3276 18
3299 3133 12
1611 808 15
185 1215 17
2909 2894 11
3870 3509 18
318 3832 17
2886 1448 12
2126 3828 8
1237 860 20
3041 798 8
1880 3268 5
2762 110 15
3357 284 12
3396 468 18
555 3348 18
2646 200 15
366 3013 10
212 1656 19
269 3546 5
1115 3716 6
1626 2605 8
1096 2548 6
2795 1689 8
759 2028 14
879 932 16
2601 1848 10
3898 2659 7
2484 1194 18
1421 1173 14
2118 2590 6
1045 599 14
2008 2663 17
882 813 9
1587 576 14
3409 1966 17
360 3715 20
1762 1946 15
2107 1293 20
1506 2146 11
3245 3874 12
1008 3842 18
595 2350 17
589 510 12
326 1158 14
1488 395 12
3426 2032 15
2347 1926 13
622 1373 7
3338 65 19
3600 957 19
1175 3011 15
801 3093 20
2055 3435 18
3177 1273 5
3099 2591 11
1196 3186 20
1099 2395 7
977 3306 9
3121 985 6
1156 1137 6
430 1487 15
3007 348 7
133 85 15
3439 2523 20
66 904 9
2295 59 20
2678 1980 13
1123 1430 17
1232 3361 8
2987 1602 14
908 86 11
1137 3906 18
1016 3824 11
590 3843 6
3379 3917 10
1199 3198 19
987 1998 5
3717 1537 6
109 1858 14
1304 894 19
2377 245 10
2820 1672 20
1879 3484 16
2019 2160 14
2766 3206 7
183 1051 12
3835 154 6
688 2257 7
251 731 6
2494 3237 7
2735 3458 9
3608 3783 8
3187 3850 8
1236 2589 5
2493 240 16
1504 3514 10
3918 471 7
3788 3764 47
2184 218 13
2208 3409 14
1673 194 13
137 2508 9
1203 3174 7
3755 3710 13
3304 2911 11
2194 2937 16
2024 3508 14
129 592 5
2006 996 11
1169 3142 16
786 442 8
2038 2420 19
1657 2435 12
3237 529 10
1341 272 5
1047 507 9
1705 3324 20
3244 3531 12
1319 1958 14
2223 2157 5
2330 2621 10
3723 3368 10
2610 1220 16
155 38 12
1300 3221 13
1496 1809 18
2956 1235 7
778 3515 15
1238 3134 9
2259 1792 8
244 2686 6
1863 2382 20
941 196 12
1413 519 16
1060 2373 18
222 2481 19
2485 1043 10
734 486 19
519 3292 12
1723 1252 5
1552 743 9
1098 282 9
350 3019 10
54 253 8
669 3129 12
2977 1456 10
1510 1787 18
2235 3253 19
3567 2993 12
1768 2838 17
3644 1841 20
3026 67 6
1261 183 5
1051 228 17
2145 661 7
3463 787 12
2604 783 19
3123 2818 20
700 3001 19
21 801 20
2139 1038 6
1980 678 9
2860 3303 11
3022 149 14
3119 1174 5
1207 1938 19
2004 1100 11
765 1318 7
3038 2542 20
438 2828 16
3169 645 5
2636 3419 16
1751 3520 10
3443 1676 14
2596 1121 11
3029 3281 16
1466 1511 6
976 1384 5
3806 262 16
2451 609 11
1812 1695 18
79 2763 9
2497 3657 12
3150 2477 9
3726 3829 7
1914 2938 8
1537 2149 19
3707 2867 6
3326 1230 14
145 1055 19
3842 142 18
317 3914 8
3100 3860 5
3378 2222 8
1373 1172 6
2146 1062 20
969 3463 16
3495 1162 8
2480 3525 14
2393 614 18
1340 2396 6
493 1390 6
418 2738 19
1590 3104 16
531 1343 17
3220 1568 17
1142 2684 18
49 3854 12
1350 2125 6
1295 1185 11
3270 3311 6
3909 802 16
3751 2074 16
2463 2930 10
3693 1915 20
1934 3395 15
83 3747 17
490 1446 18
3269 3501 13
2327 3723 5
1661 3407 12
1475 3591 5
1242 1678 7
3592 1399 6
2693 992 14
147 3179 5
1900 1392 7
3371 99 20
950 3455 17
1447 3616 14
1053 3777 17
1332 3350 20
548 360 8
1776 3574 15
1736 3196 20
885 1559 9
1848 2315 15
2343 2554 9
1423 3562 13
3483 726 16
1256 292 17
3581 2680 14
845 3592 8
1240 1471 7
783 1377 16
1271 1316 10
1782 1852 5
840 2968 18
2174 1036 20
1131 2690 6
1713 1346 17
2872 995 11
3901 3243 9
2013 2171 16
1050 278 6
568 2468 8
2700 1014 13
3490 3026 18
3084 80 15
2943 567 12
3288 1760 15
692 3581 5
954 455 18
359 3884 7
419 1588 9
2097 1564 10
3140 2155 7
39 2750 13
333 3683 12
2717 604 15
707 1331 8
584 2267 18
1817 2896 11
3545 1294 13
3636 2325 5
1933 1657 14
160 1518 6
198 3512 9
84 2700 12
844 2581 16
2726 1072 16
738 2860 9
363 3141 17
2221 3193 7
1949 1361 17
3058 1526 16
2786 3647 11
2750 2452 13
2200 630 15
2425 2705 12
1989 327 11
1178 2850 16
3808 3926 12
2794 1129 5
677 1985 14
1860 3785 8
1503 1888 20
860 884 8
2466 1580 9
3410 3383 5
3236 2197 16
1384 76 15
3440 875 5
675 3696 10
672 3670 17
3580 11 5
3774 3487 19
276 289 15
1584 3131 6
2220 2050 12
1216 3049 12
856 3578 7
1769 1742 13
15 643 10
868 3070 11
504 1768 17
3183 3211 8
1522 386 6
1429 82 5
3522 3266 20
1394 2233 8
3694 3704 8
1310 2531 10
7 400 16
3859 1118 13
2365 1923 9
85 2934 7
1881 1594 19
1816 3404 15
3747 3928 8
886 605 9
3319 1830 16
2236 203 13
1573 3867 8
238 3601 5
768 654 9
2065 3061 11
2562 248 14
2605 906 20
1483 2528 13
2874 3491 19
1415 3864 6
1436 3150 11
3289 1593 7
3736 1632 18
2867 3283 16
1289 2129 13
1663 3717 6
2251 1026 14
1649 3330 16
2323 216 19
3520 1155 12
2338 855 9
150 821 13
2117 862 20
1000 3278 19
1892 3673 9
3687 2717 10
2437 212 8
2816 1096 19
1814 1881 19
1141 3204 17
1451 1044 62899
1246 2637 6
1068 2297 12
3342 2286 6
36 1065 14
2885 1625 11
696 2071 6
386 3360 20
193 558 15
2789 2015 5
3122 1899 7
389 1271 8
3067 2328 10
1720 2217 18
2988 3661 16
47 63 16
3234 3033 6
663 702 19
2103 1541 7
3024 1433 16
3306 3649 14
3111 3400 13
2022 2510 16
1014 1727 17
2839 867 9
3820 3148 8
1041 1258 8
2690 696 13
2849 2598 15
1025 1228 11
3638 1702 13
1922 1223 17
3846 1119 17
159 1388 18
1134 1592 6
1241 1255 10
1582 2762 7
1094 590 17
254 3452 5
3141 1385 18
2996 616 6
2043 3036 7
1909 454 16
2 3032 18
1395 1369 7
2255 167 5
686 2118 15
393 1539 18
549 2666 10
3156 1465 5
2523 1729 7
1771 1748 8
3048 260 19
3188 757 16
578 3865 12
2336 46 12
822 1847 16
1634 2861 8
2662 2619 8
3224 2116 8
960 2083 11
3009 2091 5
2228 3274 17
1898 1690 15
3281 3821 11
1548 641 19
942 3137 16
232 3530 5
3586 2776 5
1070 3695 11
2312 281 11
3469 1102 14
3162 2261 16
3278 1105 9
933 692 5
3435 1468 7
3745 1033 16
219 2837 17
1279 1557 11
2963 1451 17
457 2147 13
3659 1300 16
1924 390 14
1647 1191 18
1668 3362 15
1827 1872 9
2489 3476 16
3073 3720 18
291 488 8
3575 3475 6
448 2013 19
3892 2620 5
367 1321 13
459 2870 11
3454 3461 18
2290 3737 8
3768 1710 15
3589 3868 10
2936 1319 11
27 788 5
3523 2811 6
3271 615 19
3004 162 9
1906 2532 20
3202 1665 16
1614 984 20
3403 822 17
371 3170 8
3923 3426 19
943 2464 14
1442 3835 15
1889 979 20
3418 2820 16
984 306 7
120 3109 17
2092 190 16
2311 1147 9
434 1057 14
1360 1428 20
3609 467 20
2363 849 5
1336 843 13
3603 3534 7
1699 1799 12
712 3631 20
188 1004 8
1875 2393 16
22 3329 7
470 1687 6
2047 430 14
3205 1928 8
3449 632 9
1837 2781 12
1687 2144 5
2761 2152 19
858 3378 19
3114 3735 15
3780 853 86510
2845 3117 19
2951 1270 8
1777 2249 13
2086 397 7
2965 842 17
2026 2255 12
287 1771 13
558 953 17
2009 1765 8
56 2133 9
3235 1942 5
1844 3494 10
817 2035 19
3428 179 6
3070 2923 19
510 1262 12
3473 3099 16
2462 1951 6
353 3388 8
409 1440 19
1478 1919 9
1850 1927 12
307 3095 13
224 2570 19
2894 851 12
2553 2823 11
955 2812 18
2928 852 10
609 2931 20
3275 2447 15
1865 77 6
2477 1161 5
358 3927 8
3607 1684 7
3332 1066 11
849 2742 9
683 1962 11
1792 2331 7
255 1905 16
3194 3162 15
3381 2165 7
1566 2314 6
2889 2043 9
2807 3911 14
536 2047 14
3896 893 6
3061 2868 6
1721 187 15
3349 3345 16
962 776 12
2663 3890 9
961 2192 17
2324 371 18
157 3799 11
909 3659 16
3917 1595 20
136 861 6
2226 35 12
1692 1833 17
1536 1008 14
1144 1394 12
3515 3453 7
2457 1686 18
3327 2247 5
3083 2611 15
1298 146 8
730 1903 11
432 2661 20
1719 650 17
2434 2891 7
3593 3132 5
927 2318 5
2381 2889 6
2475 1042 12
176 3636 9
2681 1651 10
1585 1725 17
3719 2312 14
68 1675 11
820 1049 20
1788 2800 13
1500 838 5
1995 2872 11
2278 928 17
248 2561 7
959 2229 13
1550 2942 12
1636 907 15
586 463 6
3339 3082 5
1101 317 18
3329 2664 10
3660 2106 16
2617 2080 12
3664 2866 18
2082 2088 7
1120 2564 14
158 3464 16
423 1045 17
1368 2530 10
304 2198 18
1727 1935 13
1572 2425 9
3837 2907 7
1775 1295 6
2855 128 13
544 3612 9
2818 174 10
407 2925 18
3256 3128 5
1114 112 19
1806 1507 12
1081 2060 6
3432 1508 13
267 2164 18
233 3229 18
3888 3343 13
3242 3172 8
3822 3712 13
562 2629 5
3309 1234 6
2544 233 11
2970 3839 13
2733 1567 18
570 3528 10
3124 1357 15
2294 3333 16
3229 2018 5
1525 24 15
3682 913 12
2737 3424 16
1795 78 6
2888 2142 7
1735 1703 17
2495 2428 10
2351 2732 12
1363 3438 20
202 2399 13
1766 2103 10
2074 1637 5
2843 3650 6
3206 2608 16
3655 3593 5
42 962 15
1366 584 15
195 847 12
997 3571 9
2836 428 7
3408 553 10
883 723 20
3626 3834 11
916 2685 13
1546 2856 17
2188 3220 20
2589 3246 5
2600 3048 12
1121 1232 18
3077 1157 9
2716 1877 16
1785 3285 19
3218 3875 14
1867 54 5
1460 636 20
1391 2269 19
3632 2258 10
3066 3490 16
1190 3627 7
116 2097 15
920 3451 20
2598 2799 7
1570 334 8
931 2743 20
2213 2240 18
604 2892 15
2198 290 20
641 1342 11
203 1862 14
2771 2357 5
1357 1227 16
655 1623 10
1492 793 20
2635 2343 11
1742 2514 13
996 2576 8
111 2863 14
3891 380 6
3010 1101 6
3622 3891 17
2317 2887 58616
2361 2259 12
485 2408 12
3176 1024 17
2904 481 13
2802 3526 20
2096 475 5
3413 3619 17
2738 3522 13
3878 1589 15
3753 3454 18
1201 2953 11
1936 1638 20
2460 3120 5
240 695 14
3125 2842 66423
3405 1279 9
3386 541 19
2349 2747 9
2099 1989 6
3030 550 12
1150 1442 19
416 2351 8
2891 1529 15
10 3760 16
421 3510 20
3712 1248 11
1653 2274 17
3337 2332 18
3894 302 19
2263 1211 8
1409 3609 8
168 562 5
3118 1551 13
246 2196 18
3886 2172 8
3633 3275 11
1960 1282 6
1316 1762 12
1010 2990 9
806 3877 19
1330 3393 15
1308 3822 18
3303 1466 6
3663 3540 14
1883 973 15
2054 3617 13
1680 1688 11
167 3094 18
2866 2585 15
2706 3429 10
2101 3796 8
1072 352 15
2274 1362 19
324 1495 6
2316 2180 5
3397 2148 8
1707 3335 9
164 2139 6
593 55 19
3759 1130 6
659 1261 13
2957 1238 8
1970 2305 8
919 1351 9
3395 1206 9
502 414 10
3079 252 17
1125 2340 15
3207 23 12
2113 1074 9
957 2654 5
540 3046 11
2498 224 8
1523 742 8
956 2787 12
262 3527 11
3174 935 19
1029 2121 10
2788 617 8
3625 3047 16
2940 242 5
1734 2587 16
480 359 5
1445 3450 20
2890 2176 20
3761 1598 8
2746 3625 7
1615 595 11
2472 3483 6
3376 2063 15
1928 1335 11
2243 1200 13
3913 3930 15
800 448 19
2798 1184 8
2061 2881 18
1840 75 17
2181 3015 18
3722 43 8
2023 880 10
2964 3818 10
2319 1467 17
3862 2189 5
3451 874 14
2030 1921 15
3133 433 13
3890 2402 5
735 3632 18
213 3686 11
3178 3654 12
1095 513 11
499 772 12
3795 1306 16
292 506 6
3475 3327 20
3828 2522 15
3796 526 8
2275 1329 6
1533 823 10
2871 1275 11
455 3180 6
1666 2497 16
138 2638 12
3243 265 7
1717 2311 14
1767 1722 15
1260 1006 10
2443 959 7
3550 1842 17
1323 889 11
2416 857 16
965 1769 11
713 733 14
2954 2521 12
477 1090 13
2658 613 12
2392 3168 8
61 990 14
488 2113 11
2790 2030 17
1469 1085 15
1402 2701 16
2978 1289 10
25 1957 15
3333 285 14
553 2883 20
1226 727 11
2619 169 12
554 657 5
1253 329 19
1583 3321 15
1688 2250 17
835 1885 14
1027 2871 19
667 1489 9
1624 3555 17
3136 3852 19
3170 2278 14
223 1934 19
3110 2946 14
1957 3761 8
1251 2344 7
2697 3210 9
1020 3387 8
2701 1512 7
2756 2917 5
2296 3399 20
2328 1272 17
1049 1558 10
1324 2675 12
48 564 16
184 2719 11
2247 56 5
1730 2384 20
413 2679 5
3641 2628 17
774 2159 6
2095 2371 17
422 197 11
2732 1751 14
946 872 12
2384 3113 16
799 2429 20
1032 710 14
2694 125 7
978 936 17
1048 2622 6
2632 3178 10
2060 2852 11
3700 237 19
1639 1552 18
3767 640 20
2444 3811 16
2982 3365 16
1030 2406 9
2395 2594 14
2172 2239 7
3819 947 10
2288 986 9
3615 664 14
1987 1183 14
947 1414 9
3230 2603 7
2033 1127 8
3000 361 18
1818 3878 6
1983 1080 15
1213 1463 10
3577 2722 15
3385 1018 18
3821 2655 19
1606 667 6
719 2632 14
1855 113 19
1864 1231 9
3729 2285 5
2056 1123 10
779 914 16
1124 1107 14
486 2956 11
1129 1326 15
3377 2298 14
408 95 19
3804 220 12
3715 3502 9
172 476 8
1017 967 16
2564 2416 20
918 1219 14
2942 1333 18
3092 2299 9
175 2730 6
1592 885 13
1997 365 10
2841 3208 6
1275 719 5
3801 3820 18
1810 1408 11
3191 2053 9
3588 2969 9
2699 1444 9
271 1454 15
893 807 11
2383 3499 5
2081 2333 16
571 1876 5
3365 3758 20
2014 256 16
1878 3279 8
3521 1647 17
3647 3151 11
981 809 19
816 422 13
3643 1407 18
3614 1970 16
1690 39 13
1948 2511 12
695 3815 7
2736 443 41
1470 2536 12
597 1035 8
872 1253 12
645 1492 11
610 2752 13
1083 1713 18
425 3518 8
753 1823 14
3144 2834 5
2612 479 9
3295 1952 19
703 3272 8
1951 293 9
3050 1168 6
3533 3369 16
1998 671 19
1153 2950 17
3681 2900 18
1477 3604 19
3721 3207 19
2465 3265 15
217 3108 16
611 3297 14
1541 626 8
921 2405 11
2625 91 5
3591 750 17
2037 1083 17
2961 866 17
1715 2886 17
2882 3610 5
509 1733 13
2248 2703 8
2362 3639 10
2138 2767 20
3318 3908 12
1061 1794 6
1136 3492 9
2124 366 6
2801 3855 7
1515 1900 18
1418 1642 6
3850 217 15
3793 1396 8
1498 744 10
2408 1149 9
2256 2385 6
2501 3037 20
3910 2170 14
2547 3280 8
2402 2814 16
26 1401 12
45 3932 15
3434 966 13
391 3347 11
2892 288 11
1111 3440 20
331 3418 12
3173 3322 13
3108 412 18
1942 1917 8
230 64 19
3792 918 15
1468 2976 17
3354 3448 9
479 716 11
3072 2766 13
3467 2027 7
2369 3102 13
2332 2216 10
249 3674 16
3927 283 6
1568 3866 12
2464 111 15
2847 1757 18
2685 2706 17
2163 651 18
2059 2031 14
1365 3533 7
1598 1166 14
322 3666 14
2309 3916 18
3705 2959 6
378 1920 9
3450 1536 11
1755 3084 5
1524 2965 7
320 824 14
2869 4 11
1075 214 6
2011 3284 7
131 209 17
40 3411 16
1248 1712 15
2723 1393 14
439 1696 5
2675 1961 10
2670 3238 15
2629 27 10
3481 1226 16
3874 3232 11
2136 1274 5
14 2991 14
2914 2541 8
3331 1803 18
1379 3550 11
2606 3749 13
818 3897 12
884 1965 14
3844 1741 10
2449 3605 6
2486 1828 6
2334 2228 12
2985 316 11
937 1610 13
3402 1913 5
298 2387 15
237 1982 17
836 88 16
775 522 6
2001 1901 5
1861 62 13
130 2905 14
770 2004 5
769 3552 7
3233 2501 17
2211 152 14
2819 409 17
2439 706 17
1004 2235 6
3742 2456 20
2268 622 15
1471 1778 10
2683 1436 20
2397 1419 8
113 2903 17
385 3437 8
1974 1313 10
1607 3701 11
2354 1599 11
2959 1472 10
2710 3517 7
441 3002 19
3517 115 14
1738 2559 12
2744 1040 11
3549 1680 20
1483 700 7
967 2227 20
2682 2725 19
2467 916 11
1874 3896 19
1338 3613 74093
1349 1843 8
993 2336 9
3047 269 6
1613 1653 17
370 1663 10
2937 2687 6
2609 2482 20
3219 3096 19
714 3063 8
1511 983 6
1046 598 10
3763 725 16
3005 1973 13
1567 883 9
3929 1143 13
2167 3114 15
2793 634 18
3160 3684 8
841 1189 18
1380 980 10
3809 478 10
417 1458 18
3165 1669 14
1463 105 20
3209 2462 17
3328 2551 7
16 3859 7
462 3199 20
3145 3012 19
1835 339 17
2633 3792 9
337 33 15
637 3680 8
3920 2498 6
2304 2780 17
1287 3143 20
296 3547 20
2905 3197 13
2461 3719 19
2313 447 19
1193 300 16
2545 427 5
1320 2206 8
2555 2656 16
2558 3354 20
1079 573 18
2822 3080 8
1035 2926 11
2053 1237 19
1703 2504 7
556 707 5
2515 2301 5
1059 649 11
2893 2669 10
427 480 18
312 2339 18
2652 2386 18
3107 31 15
581 1146 18
966 2928 19
2100 2353 9
905 2303 11
1245 1784 12
1277 2411 5
2672 406 8
2852 2851 15
2669 102 6
161 3893 15
1678 2397 6
1712 3511 7
1003 2062 8
379 392 8
3875 1995 17
2180 1532 19
2668 1367 18
797 3373 15
3861 3700 7
897 548 7
2953 1941 9
2232 2120 14
2352 3557 12
3091 2356 16
316 762 5
3772 261 7
2848 3298 6
2896 1963 15
2984 3173 14
382 2975 17
825 2816 18
3777 1198 9
3400 2364 12
335 72 18
842 235 11
1932 357 18
3893 3858 12
3493 3270 19
2050 781 10
3163 1807 7
2714 1783 16
3384 2029 11
2504 326 12
266 3301 13
630 1152 13
991 3085 12
537 521 18
99 3728 18
798 1145 17
3612 3624 11
2187 1499 14
2016 2693 10
2628 2662 6
875 2026 13
450 1301 14
1086 2875 16
1581 2040 11
1512 1201 16
1293 1113 17
915 2450 6
2825 416 8
1896 577 13
1888 1280 17
2864 1476 12
171 810 14
930 2417 11
1037 508 16
3276 1853 18
355 1548 15
404 2291 19
41 2999 17
3573 333 18
1497 1969 18
1345 668 14
1876 2665 16
3568 2270 15
2273 2583 15
3154 3269 14
1223 811 12
2370 3879 7
3062 1707 17
189 961 9
520 1154 6
162 3340 20
3497 405 18
2331 2600 19
2405 1034 5
1465 1081 6
107 2329 19
887 1517 15
1843 2487 18
1434 2208 5
1886 426 9
3676 597 17
2102 495 13
1155 1016 17
1729 2692 6
3043 2433 20
506 2281 12
3902 2194 10
2638 2494 5
979 1052 19
2242 477 8
209 1031 10
3650 313 7
3203 1138 12
1625 958 20
2252 3258 6
2792 2201 10
3606 1972 20
191 2966 13
3137 324 5
3458 123 19
76 2695 14
2091 2104 16
3852 693 20
2734 1861 18
3195 3228 15
3181 465 10
1752 1654 11
2567 503 8
2478 2436 10
3308 2955 9
709 3041 20
3546 2119 7
2207 1738 12
369 3410 9
2976 2527 14
3911 1929 13
866 1103 14
3491 331 14
1312 3585 6
1268 3377 9
3416 490 9
2337 1485 17
3840 3259 13
2500 1263 18
2458 646 6
3225 2058 17
2120 2218 15
3529 2263 16
2140 3309 9
2902 195 20
1553 1775 19
2496 2699 8
1811 1591 10
1724 3391 19
715 3439 7
2105 2251 6
2736 97 9
1066 375 19
143 1530 20
832 3724 9
2718 14 18
1165 3398 19
1089 1182 10
701 814 15
2179 3539 9
2089 238 16
594 1290 19
3708 2317 16
656 3789 8
1264 2885 6
3794 933 9
2254 3787 11
1558 3516 24
1454 3244 19
3159 1916 13
1563 656 20
1858 1555 11
745 625 6
2873 3880 19
3670 2904 9
3741 189 18
2142 1099 5
481 1109 6
1217 37 15
2949 2076 7
3086 3912 19
1937 588 15
128 1546 12
153 451 19
1809 2918 5
1926 1439 16
3398 2010 10
1602 3746 19
2677 3103 8
583 1667 9
2044 3486 5
1353 1721 15
2673 3697 15
3725 2921 17
496 3175 10
1660 311 16
344 1208 5
1683 834 9
566 2130 18
474 2908 14
2189 3043 9
1618 273 15
3931 1352 17
1714 2843 78779
3317 2036 7
2846 977 16
1849 627 12
234 960 15
3827 2849 8
2156 3505 13
2748 1991 13
1946 2161 12
2227 3405 20
3620 204 7
2527 1268 15
1397 229 10
982 1372 8
1206 1947 20
865 2158 6
1495 951 20
3683 6 8
1303 3100 18
484 89 14
1119 2500 12
2121 2045 6
2178 1845 8
1284 1410 11
2580 1420 14
2975 580 13
710 2052 7
1346 543 7
3858 2140 17
2859 1730 18
912 2595 12
674 3118 15
3542 1391 18
913 2601 16
2482 2683 9
1428 2084 17
3569 3708 13
3082 511 15
3933 419 9
351 2017 16
3834 1608 8
787 3166 10
1756 2000 14
3151 1646 9
1658 1266 15
1036 2694 16
3690 3532 13
1444 3795 14
3855 1144 18
2751 342 7
1765 1641 16
95 2183 9
2452 1195 14
492 3066 14
179 3513 14
2427 2415 19
1464 1786 15
3457 2754 7
1288 243 13
3688 2419 11
2440 681 7
2421 2398 6
2483 505 19
3507 1870 18
170 952 14
1427 2320 16
1965 492 10
2215 2777 19
1040 1644 19
1007 2441 14
2779 819 5
383 3090 11
55 2615 16
3453 3231 6
742 770 19
261 3295 8
35 1825 12
3196 2714 9
1601 2768 17
971 2623 13
1609 393 10
3193 84 12
2879 410 7
2861 3658 10
1104 736 14
1822 3935 18
2719 3431 11
3799 1241 5
1462 767 16
3277 2319 9
69 944 13
204 7 12
1449 502 19
523 1075 5
3064 459 20
336 527 8
1964 2734 6
309 2132 16
92 231 14
259 1337 12
2721 3692 9
1410 2764 16
3315 2177 17
2426 1524 11
2106 1084 16
863 537 13
2135 2394 17
1367 1997 9
928 3443 7
651 2073 20
3877 1639 12
2015 1358 17
3882 1311 17
670 534 19
2898 1774 7
685 1802 9
1595 3498 14
830 581 18
3787 2234 16
2509 425 8
2473 2865 20
2371 2466 15
1847 2345 5
2063 2716 13
280 1854 10
2660 163 15
796 602 6
1220 2584 12
1726 755 20
2900 1930 5
384 2390 7
3258 2203 12
1281 2796 16
1339 450 19
2499 193 18
2687 1432 13
2155 2347 20
1643 1368 14
2233 3042 14
1179 2964 19
3854 1624 9
2415 2488 5
2581 672 7
348 3125 13
3325 3838 6
398 2596 11
600 3038 18
3560 3755 17
1884 850 7
2166 2546 5
3226 3051 20
2487 219 16
3856 79 16
1450 1671 9
2525 3869 16
211 254 19
3455 797 11
2364 3053 16
3811 2884 19
3252 2493 12
3512 1620 12
2622 2645 17
29 2696 10
2171 1443 17
1802 1835 13
2781 116 12
3028 2403 18
889 2567 20
3387 915 10
902 356 14
1305 2237 16
2088 1023 10
165 1677 11
3616 1908 9
2357 1735 13
1063 663 8
3301 2770 16
1528 3213 17
2960 1017 12
1958 2184 6
751 3205 18
2062 3802 14
2169 3060 7
3465 701 12
1326 207 9
3879 1041 17
755 3126 10
2128 2785 18
1868 3779 7
194 1988 5
3508 3714 7
1831 424 5
2417 2460 20
2455 1459 19
632 2025 6
1375 2381 11
475 1480 9
2244 2513 6
3698 3572 5
51 2552 5
953 2986 5
869 520 10
1024 2151 12
0 1773 11
2586 1953 19
2353 2853 5
3033 728 7
1778 2726 16
1941 3176 18
1043 2612 20
2916 1519 12
2715 3000 7
1638 1251 19
3743 1922 12
3172 2127 20
3161 3608 8
2935 844 13
1616 2168 19
2164 917 9
721 3660 20
1632 2539 9
1798 127 13
400 1617 13
2863 3925 9
1044 552 19
2569 3190 11
2524 367 11
3227 1816 17
2908 1254 19
456 1613 10
528 940 17
2025 845 16
3284 3403 6
579 1909 13
2073 297 14
3695 1212 8
1272 1523 10
3266 36 8
3574 2749 15
2488 1086 20
2512 1813 15
3238 1424 17
2246 1164 11
607 2252 7
3011 1838 9
1186 2745 19
575 1441 8
2824 2721 6
1307 2006 10
2903 3138 16
2595 3840 13
3937 666 12
3312 3907 7
2111 703 5
3488 3711 18
833 637 7
1664 3255 5
851 3430 14
2592 141 10
3272 892 14
3262 1540 11
2803 3392 5
3414 2833 15
3358 3372 7
2772 3124 20
2797 1685 13
3651 2105 14
2173 882 17
782 2355 19
541 379 19
1002 1553 17
1493 758 9
2132 2524 6
1999 1304 14
1560 3201 19
28 320 14
1961 948 6
2728 3678 16
214 3688 16
3532 3579 8
2258 3185 6
1919 3882 14
3504 3690 11
2698 3287 8
65 3024 6
517 2667 15
1273 779 13
2293 2334 7
2276 1655 15
1669 1931 20
698 858 10
614 555 19
972 691 17
2549 94 13
1108 2275 7
268 287 10
2834 1583 10
736 3541 12
1859 3441 9
1361 3923 15
1698 2657 18
1222 1596 15
2913 1097 20
2614 413 11
1619 1874 6
1642 1569 5
3830 981 14
2266 2901 5
3869 3215 17
1990 734 9
599 121 13
2396 437 19
2093 1933 8
3253 3497 15
861 1207 5
3231 1371 16
1733 720 7
647 3462 19
156 3836 11
3241 3325 15
785 2769 14
2689 1125 18
2641 1840 13
2422 689 16
437 3645 8
3300 1956 16
896 3488 7
2602 3130 8
3635 1614 18
2079 523 7
618 3664 10
3487 1865 15
1161 131 17
2109 2392 6
3602 2090 9
3785 2947 18
2308 732 15
124 3115 16
329 1449 7
3900 1445 20
874 1622 17
2035 2962 15
691 344 12
2603 3740 18
3876 2808 9
922 745 15
1459 3929 13
2740 1504 19
731 1131 19
2979 1203 19
527 3286 20
657 136 13
2077 1763 19
949 2784 16
1097 825 20
3866 3044 16
3537 2253 20
1439 1814 15
3789 1359 15
2450 2067 50675
141 246 12
2306 3136 16
3775 3121 10
2565 3586 20
2513 1860 18
1164 1959 9
1797 3837 10
3130 2518 5
3259 949 7
2917 2771 5
1916 159 17
467 2363 19
1695 3584 12
2520 3074 18
8 994 20
848 2602 6
3356 565 12
2656 3077 15
1871 2308 7
1472 2547 14
2160 1117 6
2810 3052 10
2934 3249 6
1005 1535 17
582 1317 19
1109 909 7
813 3058 6
2253 3380 6
1701 1483 18
3496 2 10
343 1204 7
3757 1574 16
2071 982 10
2159 227 9
1654 2899 16
3506 3727 10
243 817 8
3652 2529 16
989 594 7
3167 418 9
197 1060 17
290 1829 14
2767 2646 12
3903 322 11
64 90 12
19 147 19
1235 1029 20
1385 2710 20
105 2634 9
512 2985 20
3406 3677 14
3642 432 19
1077 1305 10
1202 3482 14
3452 3559 16
1514 2016 13
2989 2375 9
1979 1743 9
684 3025 8
1992 444 8
1117 3827 7
3579 3772 6
3052 2223 7
3035 3736 10
2411 3634 19
3710 638 10
2709 2484 12
1745 1711 18
1390 618 9
1157 2633 16
3090 3014 12
1800 434 11
2203 1005 8
2199 192 8
3374 559 9
638 3873 13
6 1850 13
3347 411 15
1651 1818 17
2214 665 11
2436 160 8
627 239 9
2432 2718 10
2300 870 16
2921 2876 7
1508 1240 9
3930 3846 10
2878 436 5
733 74 19
3297 71 8
1576 1720 20
387 748 7
1502 1821 6
2204 524 15
1808 2476 16
1675 648 5
2994 1071 9
53 1896 7
1358 601 16
1091 1855 10
278 3841 7
3185 1761 13
2335 44 10
2271 2902 5
1659 491 16
1748 1932 12
38 1132 11
1746 2444 16
1194 2289 8
2438 1303 16
3756 525 11
1234 3217 16
2946 3152 16
3831 2471 19
117 3154 20
2774 1714 14
1299 3797 11
2533 698 7
892 3194 11
1982 3791 6
1955 2893 13
1183 3481 10
2479 53 16
1173 1791 20
2502 3315 7
588 2815 6
2302 753 7
3500 3901 9
1686 171 17
1971 2616 18
1826 26 15
3813 2963 19
529 987 11
1372 3471 8
2929 1218 13
3908 1170 11
2742 763 19
2557 3739 5
974 3544 19
804 1288 19
1331 2751 8
2930 1924 12
530 3676 6
1597 1416 8
1494 3786 18
994 1936 16
808 1902 16
3075 1048 17
1747 126 5
551 2264 7
3142 3633 12
258 120 7
2686 258 19
1925 497 9
2217 3235 17
1425 3353 14
3598 3005 19
2390 2672 12
1921 1413 19
2811 1247 9
3461 1281 14
3361 399 9
636 2972 13
1907 2094 5
2403 2804 7
94 3790 7
2671 3472 11
3166 828 8
1852 3240 12
2531 1859 19
1846 2483 19
3313 533 18
3583 3187 13
2034 3936 5
1145 730 12
1969 887 12
3484 2951 9
